E200-001A-0411-0250-1040-E289		1.966	-1.03 	0.431
E200-001A-0411-0253-1040-E41E		1.976	-1.03	0.639
E200-001A-0411-0239-1040-D703		2.596	-1.03	1.588
E200-001A-0411-0173-1040-96CE		2.169	-1.03	1.473
E200-001A-0411-2000-1080-0039		2.579	-1.03	0.647
E200-001A-0411-0211-1040-C0AD		4.836	-1.03	0.644
E200-001A-0411-0226-1040-CDC1		4.681	-1.03	1.549
E200-0019-340C-0062-0820-201F		5.065	-1.03	1.406
E200-001A-0411-0213-1040-C0AE		6.118	-1.03	1.405
E200-001A-0411-2000-1080-0043		3.286	-1.08	0.613
E200-001A-0411-0236-1040-D50E		3.449	-1.03	0.62
E200-001A-0411-0251-1040-E41D		2.599	-1.03	1.369
E200-001A-0411-0210-1040-BE31		3.15	-1.03	1.515

----------------------------第18组数据-------------------------------
1 E200-001A-0411-0253-1040-E41E 1.862309 -0.976228 0.700301*
2 E200-001A-0411-0250-1040-E289 1.920349 -0.858283 0.510163
3 E200-001A-0411-0173-1040-96CE 2.057190 -0.892436 1.114711*
4 E200-001A-0411-2000-1080-0039 2.474770 -1.015616 0.866830*
5 E200-001A-0411-0251-1040-E41D 2.531234 -0.768567 1.197614
6 E200-001A-0411-0226-1040-CDC1 4.377938 -0.926628 1.048929
7 E200-001A-0411-0236-1040-D50E 3.287922 -0.990748 1.060842
8 E200-001A-0411-2000-1080-0043 3.138768 -1.121468 0.590341*

----------------------------第17组数据-------------------------------
1 E200-001A-0411-0250-1040-E289 1.776036 -1.139077 0.791976
2 E200-001A-0411-0253-1040-E41E 1.720493 -1.148151 0.828956
3 E200-001A-0411-0239-1040-D703 2.530793 -1.071434 1.563394*
4 E200-001A-0411-0173-1040-96CE 1.892208 -1.373029 0.942070
5 E200-001A-0411-0210-1040-BE31 3.094663 -1.091982 1.459050*
6 E200-001A-0411-2000-1080-0039 2.374001 -1.378203 0.949849
7 E200-001A-0411-0251-1040-E41D 2.449481 -1.244578 1.267071*
8 E200-001A-0411-0211-1040-C0AD 4.270138 -0.690073 0.506183
9 E200-001A-0411-0226-1040-CDC1 4.189876 -0.702779 0.864759
10 E200-0019-340C-0062-0820-201F 3.812044 -1.140799 2.083857




