1 E200-001A-0411-0185-1040-9F6C 1 920.625 37.9688 -69 1673511689360964 1673510041140192
2 E200-001A-0411-0253-1040-E41E 1 920.625 246.445 -65.5 1673511689365286 1673510041140262
3 E200-001A-0411-0239-1040-D703 1 920.625 59.7656 -65 1673511689368615 1673510041140311
4 E200-001A-0411-0250-1040-E289 1 920.625 105.117 -62.5 1673511689374207 1673510041140353
5 E200-001A-0411-0146-1040-79B1 1 920.625 304.102 -69 1673511689377799 1673510041140397
6 E200-001A-0411-2000-1080-0002 1 920.625 288.633 -66 1673511689381823 1673510041140455
7 E200-001A-0411-0145-1040-73C4 1 920.625 330.469 -69.5 1673511689386202 1673510041140502
8 E200-001A-0411-0146-1040-79B1 1 920.625 305.156 -69 1673511689393068 1673510041174757
9 E200-001A-0411-2000-1080-0002 1 920.625 105.82 -66.5 1673511689397561 1673510041174838
10 E200-001A-0411-0239-1040-D703 1 920.625 61.1719 -65 1673511689400905 1673510041174900
11 E200-001A-0411-0250-1040-E289 1 920.625 106.523 -63 1673511689404363 1673510041174957
12 E200-001A-0411-0253-1040-E41E 1 920.625 242.93 -65 1673511689409557 1673510041175011
13 E200-001A-0411-0185-1040-9F6C 1 920.625 40.0781 -70.5 1673511689414452 1673510041175054
14 E200-001A-0411-0145-1040-73C4 1 920.625 330.82 -69.5 1673511689417938 1673510041175097
15 E200-001A-0411-2000-1080-0002 1 920.625 104.766 -66 1673511689742892 1673510041517956
16 E200-001A-0411-0250-1040-E289 1 920.625 105.117 -62.5 1673511689746370 1673510041518053
17 E200-001A-0411-0145-1040-73C4 1 920.625 331.875 -68 1673511689749939 1673510041518124
18 E200-001A-0411-0253-1040-E41E 1 920.625 247.148 -66 1673511689753359 1673510041518210
19 E200-001A-0411-0239-1040-D703 1 920.625 65.3906 -65.5 1673511689756821 1673510041518263
20 E200-001A-0411-0146-1040-79B1 1 920.625 301.992 -68 1673511689761103 1673510041518301
21 E200-001A-0411-0185-1040-9F6C 1 920.625 36.2109 -70.5 1673511689764655 1673510041518358
22 E200-001A-0411-0250-1040-E289 1 920.625 106.172 -63 1673511689774605 1673510041557979
23 E200-001A-0411-0239-1040-D703 1 920.625 61.5234 -65.5 1673511689778107 1673510041558027
24 E200-001A-0411-0145-1040-73C4 1 920.625 331.172 -69 1673511689781617 1673510041558063
25 E200-001A-0411-0146-1040-79B1 1 920.625 304.453 -69 1673511689785825 1673510041558088
26 E200-001A-0411-0185-1040-9F6C 1 920.625 220.43 -69 1673511689789426 1673510041558112
27 E200-001A-0411-0253-1040-E41E 1 920.625 250.312 -66 1673511689794883 1673510041558135
28 E200-001A-0411-2000-1080-0002 1 920.625 287.578 -66.5 1673511689798240 1673510041558166
29 E200-001A-0411-0247-1030-DDBB 1 920.625 233.086 -71.5 1673511689802391 1673510041558199
30 E200-001A-0411-0250-1040-E289 1 920.625 108.633 -63 1673511690121703 1673510041906122
31 E200-001A-0411-0239-1040-D703 1 920.625 61.1719 -65.5 1673511690126673 1673510041906184
32 E200-001A-0411-2000-1080-0002 1 920.625 285.82 -66 1673511690133446 1673510041906227
33 E200-001A-0411-0185-1040-9F6C 1 920.625 34.4531 -70.5 1673511690137568 1673510041906282
34 E200-001A-0411-0253-1040-E41E 1 920.625 251.367 -66 1673511690141600 1673510041906351
35 E200-001A-0411-0146-1040-79B1 1 920.625 305.156 -69 1673511690145010 1673510041906402
36 E200-001A-0411-0145-1040-73C4 1 920.625 329.766 -68.5 1673511690150628 1673510041906469
37 E200-001A-0411-0250-1040-E289 1 920.625 102.656 -62.5 1673511690161200 1673510041940587
38 E200-001A-0411-2000-1080-0002 1 920.625 105.117 -66 1673511690164595 1673510041940638
39 E200-001A-0411-0239-1040-D703 1 920.625 60.4688 -65.5 1673511690167997 1673510041940679
40 E200-001A-0411-0145-1040-73C4 1 920.625 328.711 -69.5 1673511690176040 1673510041940722
41 E200-001A-0411-0185-1040-9F6C 1 920.625 40.7812 -69.5 1673511690179454 1673510041940759
42 E200-001A-0411-0253-1040-E41E 1 920.625 250.664 -66 1673511690182814 1673510041940798
43 E200-001A-0411-0146-1040-79B1 1 920.625 308.32 -69 1673511690187033 1673510041940865
44 E200-001A-0411-2000-1080-0002 1 920.625 107.578 -65.5 1673511690511023 1673510042299402
45 E200-001A-0411-0250-1040-E289 1 920.625 108.633 -63 1673511690515178 1673510042299468
46 E200-001A-0411-0145-1040-73C4 1 920.625 324.492 -69.5 1673511690524857 1673510042299519
47 E200-001A-0411-0253-1040-E41E 1 920.625 249.609 -64.5 1673511690529924 1673510042299568
48 E200-001A-0411-0239-1040-D703 1 920.625 59.4141 -65.5 1673511690534137 1673510042299617
49 E200-001A-0411-0146-1040-79B1 1 920.625 306.562 -68.5 1673511690540231 1673510042299665
50 E200-001A-0411-0185-1040-9F6C 1 920.625 33.75 -70 1673511690546060 1673510042299745
51 E200-001A-0411-0250-1040-E289 1 920.625 109.688 -63 1673511690554385 1673510042336868
52 E200-001A-0411-0253-1040-E41E 1 920.625 244.688 -65.5 1673511690560366 1673510042336943
53 E200-001A-0411-0185-1040-9F6C 1 920.625 42.1875 -70 1673511690565102 1673510042336984
54 E200-001A-0411-0239-1040-D703 1 920.625 58.0078 -65.5 1673511690568491 1673510042337024
55 E200-001A-0411-2000-1080-0002 1 920.625 288.281 -66 1673511690571900 1673510042337063
56 E200-001A-0411-0146-1040-79B1 1 920.625 301.641 -69 1673511690577356 1673510042337099
57 E200-001A-0411-0145-1040-73C4 1 920.625 320.625 -69 1673511690581623 1673510042337151
58 E200-001A-0411-0253-1040-E41E 1 920.625 245.391 -65 1673511690891398 1673510042669384
59 E200-001A-0411-0250-1040-E289 1 920.625 104.766 -63 1673511690898165 1673510042669452
60 E200-001A-0411-0239-1040-D703 1 920.625 238.711 -65.5 1673511690901652 1673510042669499
61 E200-001A-0411-0145-1040-73C4 1 920.625 323.086 -69 1673511690905118 1673510042669541
62 E200-001A-0411-2000-1080-0002 1 920.625 108.281 -66 1673511690908455 1673510042669580
63 E200-001A-0411-0185-1040-9F6C 1 920.625 217.969 -69.5 1673511690912856 1673510042669620
64 E200-001A-0411-0146-1040-79B1 1 920.625 296.367 -69 1673511690916204 1673510042669680
65 E200-001A-0411-0250-1040-E289 1 920.625 105.469 -63 1673511690923314 1673510042698679
66 E200-001A-0411-0253-1040-E41E 1 920.625 246.094 -65 1673511690926892 1673510042698744
67 E200-001A-0411-0146-1040-79B1 1 920.625 298.828 -67.5 1673511690930262 1673510042698776
68 E200-001A-0411-0239-1040-D703 1 920.625 60.4688 -65.5 1673511690933608 1673510042698802
69 E200-001A-0411-0145-1040-73C4 1 920.625 325.195 -69 1673511690937132 1673510042698829
70 E200-001A-0411-2000-1080-0002 1 920.625 285.117 -66 1673511690940749 1673510042698852
71 E200-001A-0411-0185-1040-9F6C 1 920.625 36.9141 -69.5 1673511690944945 1673510042698888
72 E200-001A-0411-0253-1040-E41E 1 920.625 64.3359 -65 1673511691306787 1673510043085413
73 E200-001A-0411-0250-1040-E289 1 920.625 103.359 -63.5 1673511691311296 1673510043085506
74 E200-001A-0411-0145-1040-73C4 1 920.625 322.734 -70 1673511691314806 1673510043085590
75 E200-001A-0411-0146-1040-79B1 1 920.625 301.992 -68 1673511691319862 1673510043085677
76 E200-001A-0411-0239-1040-D703 1 920.625 60.8203 -65 1673511691324098 1673510043085758
77 E200-001A-0411-0185-1040-9F6C 1 920.625 41.8359 -70 1673511691327477 1673510043085829
78 E200-001A-0411-2000-1080-0002 1 920.625 278.086 -66 1673511691330796 1673510043085902
79 E200-001A-0411-0239-1040-D703 1 920.625 239.766 -64.5 1673511691339476 1673510043118654
80 E200-001A-0411-2000-1080-0002 1 920.625 281.953 -67 1673511691343095 1673510043118751
81 E200-001A-0411-0146-1040-79B1 1 920.625 297.422 -69 1673511691348074 1673510043118837
82 E200-001A-0411-0145-1040-73C4 1 920.625 143.438 -70 1673511691351720 1673510043118920
83 E200-001A-0411-0250-1040-E289 1 920.625 101.953 -63.5 1673511691356279 1673510043118996
84 E200-001A-0411-0185-1040-9F6C 1 920.625 210.234 -68.5 1673511691359653 1673510043119106
85 E200-001A-0411-0253-1040-E41E 1 920.625 242.578 -65 1673511691364591 1673510043119215
86 E200-001A-0411-0239-1040-D703 1 920.625 56.6016 -65 1673511691724134 1673510043499850
87 E200-001A-0411-0250-1040-E289 1 920.625 104.766 -62.5 1673511691729382 1673510043499899
88 E200-001A-0411-2000-1080-0002 1 920.625 275.625 -67 1673511691732858 1673510043499939
89 E200-001A-0411-0253-1040-E41E 1 920.625 65.7422 -65.5 1673511691736354 1673510043499980
90 E200-001A-0411-0185-1040-9F6C 1 920.625 215.508 -68.5 1673511691739983 1673510043500032
91 E200-001A-0411-0146-1040-79B1 1 920.625 305.156 -69.5 1673511691743395 1673510043500079
92 E200-001A-0411-0145-1040-73C4 1 920.625 148.008 -70 1673511691747022 1673510043500139
93 E200-001A-0411-0239-1040-D703 1 920.625 62.9297 -65 1673511691755032 1673510043529279
94 E200-001A-0411-0146-1040-79B1 1 920.625 305.508 -68.5 1673511691758362 1673510043529339
95 E200-001A-0411-0250-1040-E289 1 920.625 104.414 -63.5 1673511691761840 1673510043529384
96 E200-001A-0411-0253-1040-E41E 1 920.625 246.797 -65.5 1673511691765237 1673510043529423
97 E200-001A-0411-0185-1040-9F6C 1 920.625 40.7812 -68.5 1673511691768788 1673510043529498
98 E200-001A-0411-2000-1080-0002 1 920.625 101.602 -67 1673511691772144 1673510043529539
99 E200-001A-0411-0145-1040-73C4 1 920.625 149.414 -70 1673511691775873 1673510043529595
100 E200-001A-0411-0239-1040-D703 1 920.625 239.062 -65.5 1673511692065942 1673510043843553
101 E200-001A-0411-0250-1040-E289 1 920.625 105.117 -63 1673511692070460 1673510043843619
102 E200-001A-0411-2000-1080-0002 1 920.625 280.547 -67 1673511692073878 1673510043843665
103 E200-001A-0411-0145-1040-73C4 1 920.625 151.875 -69.5 1673511692077404 1673510043843702
104 E200-001A-0411-0253-1040-E41E 1 920.625 249.961 -65 1673511692080742 1673510043843740
105 E200-001A-0411-0146-1040-79B1 1 920.625 298.828 -69 1673511692087055 1673510043843784
106 E200-001A-0411-0185-1040-9F6C 1 920.625 40.4297 -68.5 1673511692090645 1673510043843836
107 E200-001A-0411-0145-1040-73C4 1 920.625 330.117 -70 1673511692101803 1673510043885371
108 E200-001A-0411-0250-1040-E289 1 920.625 103.008 -63.5 1673511692105223 1673510043885435
109 E200-001A-0411-0146-1040-79B1 1 920.625 299.18 -68 1673511692109287 1673510043885479
110 E200-001A-0411-0185-1040-9F6C 1 920.625 216.211 -69.5 1673511692112758 1673510043885518
111 E200-001A-0411-0239-1040-D703 1 920.625 60.8203 -65 1673511692118853 1673510043885556
112 E200-001A-0411-0253-1040-E41E 1 920.625 246.445 -65.5 1673511692128199 1673510043885595
113 E200-001A-0411-2000-1080-0002 1 920.625 99.4922 -67 1673511692131815 1673510043885652
114 E200-001A-0411-0250-1040-E289 1 920.625 109.336 -63.5 1673511692414991 1673510044194062
115 E200-001A-0411-0239-1040-D703 1 920.625 238.359 -65 1673511692418379 1673510044194120
116 E200-001A-0411-2000-1080-0002 1 920.625 277.734 -66.5 1673511692421777 1673510044194165
117 E200-001A-0411-0253-1040-E41E 1 920.625 245.742 -65.5 1673511692425173 1673510044194211
118 E200-001A-0411-0145-1040-73C4 1 920.625 330.117 -68.5 1673511692429763 1673510044194261
119 E200-001A-0411-0146-1040-79B1 1 920.625 294.609 -69.5 1673511692433249 1673510044194309
120 E200-001A-0411-0185-1040-9F6C 1 920.625 222.539 -68.5 1673511692439646 1673510044194370
121 E200-001A-0411-0250-1040-E289 1 920.625 110.742 -63.5 1673511692453394 1673510044233974
122 E200-001A-0411-0239-1040-D703 1 920.625 238.711 -65 1673511692458325 1673510044234046
123 E200-001A-0411-0253-1040-E41E 1 920.625 245.742 -65.5 1673511692461699 1673510044234115
124 E200-001A-0411-2000-1080-0002 1 920.625 278.438 -66.5 1673511692465094 1673510044234164
125 E200-001A-0411-0185-1040-9F6C 1 920.625 223.242 -69 1673511692470698 1673510044234210
126 E200-001A-0411-0145-1040-73C4 1 920.625 327.656 -69.5 1673511692475104 1673510044234258
127 E200-001A-0411-0146-1040-79B1 1 920.625 301.641 -68.5 1673511692479093 1673510044234357
128 E200-001A-0411-0239-1040-D703 1 920.625 59.0625 -65 1673511692748155 1673510044535140
129 E200-001A-0411-0253-1040-E41E 1 920.625 63.2812 -65.5 1673511692751530 1673510044535230
130 E200-001A-0411-0251-1030-E411 1 920.625 261.211 -70.5 1673511692756051 1673510044535311
131 E200-001A-0411-0250-1040-E289 1 920.625 107.227 -63 1673511692760185 1673510044535367
132 E200-001A-0411-0145-1040-73C4 1 920.625 147.305 -69.5 1673511692763694 1673510044535416
133 E200-001A-0411-0146-1040-79B1 1 920.625 295.312 -69 1673511692767105 1673510044535465
134 E200-001A-0411-2000-1080-0002 1 920.625 273.867 -67.5 1673511692771163 1673510044535524
135 E200-001A-0411-0247-1030-DDBB 1 920.625 247.148 -71 1673511692776245 1673510044535582
136 E200-001A-0411-0185-1040-9F6C 1 920.625 212.695 -69 1673511692780232 1673510044535654
137 E200-001A-0411-0253-1040-E41E 1 920.625 243.633 -65 1673511692790207 1673510044578311
138 E200-001A-0411-0239-1040-D703 1 920.625 232.734 -65.5 1673511692793531 1673510044578359
139 E200-001A-0411-0145-1040-73C4 1 920.625 329.062 -68.5 1673511692798837 1673510044578394
140 E200-001A-0411-0250-1040-E289 1 920.625 105.82 -63.5 1673511692802377 1673510044578431
141 E200-001A-0411-0251-1030-E411 1 920.625 271.758 -70.5 1673511692806411 1673510044578463
142 E200-001A-0411-0185-1040-9F6C 1 920.625 209.531 -69.5 1673511692810753 1673510044578495
143 E200-001A-0411-0146-1040-79B1 1 920.625 290.742 -69 1673511692814120 1673510044578523
144 E200-001A-0411-0247-1030-DDBB 1 920.625 243.281 -69.5 1673511692819109 1673510044578553
145 E200-001A-0411-2000-1080-0002 1 920.625 271.055 -67.5 1673511692822547 1673510044578585