1 E200-0019-340C-0061-0820-215A 1 920.625 318.164 -68.5 1673511689441547 1673510041246260
2 E200-001A-0411-0236-1030-D516 1 920.625 277.734 -69 1673511689446769 1673510041246336
3 E200-001A-0411-2000-1080-0017 1 920.625 268.242 -64.5 1673511689450807 1673510041246388
4 E200-001A-0411-2000-1080-0001 1 920.625 132.891 -64.5 1673511689460666 1673510041246436
5 E200-001A-0411-0239-1040-D703 1 920.625 112.5 -67 1673511689465129 1673510041246487
6 E200-001A-0411-0251-1040-E41D 1 920.625 61.875 -67 1673511689468521 1673510041246533
7 E200-001A-0411-2000-1080-0037 1 920.625 53.4375 -67.5 1673511689476413 1673510041246581
8 E200-001A-0411-2000-1080-0043 1 920.625 21.4453 -67.5 1673511689479889 1673510041246630
9 E200-001A-0411-2000-1080-0019 1 920.625 298.125 -67.5 1673511689483343 1673510041246676
10 E200-001A-0411-0159-1040-8543 1 920.625 324.844 -70 1673511689486737 1673510041246735
11 E200-001A-0411-2171-1040-96CD 1 920.625 144.492 -69.5 1673511689492132 1673510041246783
12 E200-001A-0411-0251-1040-E41D 1 920.625 244.688 -67 1673511689501520 1673510041300295
13 E200-001A-0411-2000-1080-0019 1 920.625 293.906 -67.5 1673511689505785 1673510041300410
14 E200-001A-0411-2000-1080-0001 1 920.625 132.539 -64.5 1673511689509334 1673510041300495
15 E200-001A-0411-0239-1040-D703 1 920.625 113.906 -67 1673511689516064 1673510041300577
16 E200-001A-0411-0236-1030-D516 1 920.625 265.078 -67.5 1673511689520031 1673510041300674
17 E200-0019-340C-0061-0820-215A 1 920.625 137.109 -68.5 1673511689525037 1673510041300788
18 E200-001A-0411-2000-1080-0017 1 920.625 265.781 -64.5 1673511689528543 1673510041300975
19 E200-001A-0411-2171-1040-96CD 1 920.625 330.82 -69.5 1673511689532002 1673510041301060
20 E200-001A-0411-2000-1080-0037 1 920.625 58.0078 -68 1673511689535394 1673510041301132
21 E200-001A-0411-0159-1040-8543 1 920.625 331.875 -70 1673511689542279 1673510041301187
22 E200-001A-0411-2000-1080-0043 1 920.625 17.5781 -70 1673511689545791 1673510041301227
23 E200-001A-0411-0239-1040-D703 1 920.625 115.312 -67 1673511689820006 1673510041621110
24 E200-001A-0411-0236-1030-D516 1 920.625 274.922 -69 1673511689830880 1673510041621229
25 E200-001A-0411-2000-1080-0001 1 920.625 131.133 -64 1673511689834310 1673510041621310
26 E200-001A-0411-0251-1040-E41D 1 920.625 56.25 -67 1673511689837882 1673510041621377
27 E200-001A-0411-2000-1080-0043 1 920.625 18.9844 -70 1673511689841989 1673510041621446
28 E200-001A-0411-2000-1080-0019 1 920.625 297.422 -67.5 1673511689848090 1673510041621516
29 E200-001A-0411-0159-1040-8543 1 920.625 331.172 -70.5 1673511689852292 1673510041621592
30 E200-0019-340C-0061-0820-215A 1 920.625 139.219 -68.5 1673511689856542 1673510041621670
31 E200-001A-0411-2000-1080-0017 1 920.625 269.297 -65 1673511689860110 1673510041621748
32 E200-001A-0411-2000-1080-0037 1 920.625 58.0078 -67.5 1673511689863459 1673510041621822
33 E200-001A-0411-2171-1040-96CD 1 920.625 324.492 -70 1673511689867122 1673510041621900
34 E200-001A-0411-2000-1080-0037 1 920.625 61.1719 -68 1673511689875583 1673510041680037
35 E200-001A-0411-0236-1030-D516 1 920.625 267.539 -69.5 1673511689878906 1673510041680145
36 E200-001A-0411-2000-1080-0001 1 920.625 135.352 -64.5 1673511689884284 1673510041680222
37 E200-001A-0411-2171-1040-96CD 1 920.625 149.766 -69.5 1673511689887786 1673510041680299
38 E200-001A-0411-2000-1080-0017 1 920.625 268.945 -64.5 1673511689893055 1673510041680366
39 E200-001A-0411-2000-1080-0019 1 920.625 294.258 -67.5 1673511689898186 1673510041680424
40 E200-001A-0411-0251-1040-E41D 1 920.625 239.414 -67 1673511689901660 1673510041680515
41 E200-001A-0411-0239-1040-D703 1 920.625 296.367 -67.5 1673511689905730 1673510041680627
42 E200-001A-0411-0159-1040-8543 1 920.625 330.469 -69.5 1673511689915629 1673510041680703
43 E200-0019-340C-0061-0820-215A 1 920.625 140.625 -68.5 1673511689919303 1673510041680778
44 E200-001A-0411-2000-1080-0043 1 920.625 15.4688 -69.5 1673511689925537 1673510041680859
45 E200-001A-0411-2000-1080-0017 1 920.625 269.297 -64.5 1673511690202764 1673510042015804
46 E200-001A-0411-0159-1040-8543 1 920.625 333.633 -70 1673511690209621 1673510042015868
47 E200-001A-0411-2000-1080-0019 1 920.625 300.234 -67 1673511690217106 1673510042015918
48 E200-001A-0411-2000-1080-0043 1 920.625 19.3359 -69.5 1673511690221339 1673510042015973
49 E200-001A-0411-0251-1040-E41D 1 920.625 243.984 -67 1673511690224773 1673510042016022
50 E200-001A-0411-2171-1040-96CD 1 920.625 147.656 -70 1673511690233101 1673510042016075
51 E200-001A-0411-0236-1030-D516 1 920.625 271.055 -69 1673511690239965 1673510042016126
52 E200-0019-340C-0061-0820-215A 1 920.625 138.164 -68.5 1673511690250821 1673510042016182
53 E200-001A-0411-0239-1040-D703 1 920.625 119.531 -67 1673511690257660 1673510042016231
54 E200-001A-0411-2000-1080-0037 1 920.625 58.7109 -67.5 1673511690261914 1673510042016322
55 E200-001A-0411-2000-1080-0001 1 920.625 137.812 -64 1673511690269349 1673510042069467
56 E200-001A-0411-0236-1030-D516 1 920.625 270 -69.5 1673511690274659 1673510042069510
57 E200-001A-0411-0159-1040-8543 1 920.625 331.875 -70 1673511690280925 1673510042069541
58 E200-001A-0411-2171-1040-96CD 1 920.625 152.578 -70 1673511690285925 1673510042069576
59 E200-0019-340C-0061-0820-215A 1 920.625 136.758 -68.5 1673511690291908 1673510042069613
60 E200-001A-0411-2000-1080-0017 1 920.625 270.703 -64.5 1673511690296347 1673510042069645
61 E200-001A-0411-2000-1080-0037 1 920.625 54.4922 -68 1673511690300776 1673510042069677
62 E200-001A-0411-2000-1080-0019 1 920.625 303.75 -67 1673511690304174 1673510042069709
63 E200-001A-0411-0239-1040-D703 1 920.625 118.125 -67.5 1673511690307515 1673510042069737
64 E200-001A-0411-0251-1040-E41D 1 920.625 60.4688 -67 1673511690310904 1673510042069766
65 E200-001A-0411-2000-1080-0043 1 920.625 14.0625 -69 1673511690315246 1673510042069862
66 E200-001A-0411-0239-1040-D703 1 920.625 299.531 -67 1673511690600943 1673510042398147
67 E200-001A-0411-0251-1040-E41D 1 920.625 239.062 -67 1673511690604353 1673510042398205
68 E200-001A-0411-2000-1080-0019 1 920.625 296.016 -69 1673511690607899 1673510042398243
69 E200-0019-340C-0061-0820-215A 1 920.625 138.516 -68.5 1673511690611470 1673510042398275
70 E200-001A-0411-2000-1080-0001 1 920.625 133.594 -64 1673511690616415 1673510042398295
71 E200-001A-0411-0159-1040-8543 1 920.625 331.875 -70 1673511690619861 1673510042398314
72 E200-001A-0411-2000-1080-0017 1 920.625 273.164 -65.5 1673511690625925 1673510042398333
73 E200-001A-0411-2000-1080-0037 1 920.625 56.9531 -67.5 1673511690629315 1673510042398352
74 E200-001A-0411-2171-1040-96CD 1 920.625 153.633 -68 1673511690633489 1673510042398380
75 E200-001A-0411-0236-1030-D516 1 920.625 267.891 -70 1673511690639734 1673510042398428
76 E200-001A-0411-2000-1080-0043 1 920.625 21.7969 -70 1673511690644163 1673510042398470
77 E200-001A-0411-2000-1080-0043 1 920.625 17.5781 -68 1673511690653603 1673510042454279
78 E200-001A-0411-2171-1040-96CD 1 920.625 324.141 -69.5 1673511690660156 1673510042454362
79 E200-001A-0411-0251-1040-E41D 1 920.625 232.031 -66 1673511690663527 1673510042454424
80 E200-001A-0411-2000-1080-0001 1 920.625 135.703 -64.5 1673511690667852 1673510042454489
81 E200-001A-0411-2000-1080-0017 1 920.625 273.867 -65.5 1673511690671155 1673510042454554
82 E200-001A-0411-2000-1080-0019 1 920.625 303.047 -69 1673511690677177 1673510042454616
83 E200-0019-340C-0061-0820-215A 1 920.625 139.922 -68 1673511690680589 1673510042454674
84 E200-001A-0411-0239-1040-D703 1 920.625 112.852 -67 1673511690685404 1673510042454736
85 E200-001A-0411-0236-1030-D516 1 920.625 269.648 -70 1673511690690496 1673510042454796
86 E200-001A-0411-2000-1080-0037 1 920.625 56.9531 -66.5 1673511690693744 1673510042454857
87 E200-001A-0411-0159-1040-8543 1 920.625 330.469 -70 1673511690699988 1673510042454920
88 E200-001A-0411-2000-1080-0017 1 920.625 271.406 -65 1673511690963736 1673510042760875
89 E200-001A-0411-0159-1040-8543 1 920.625 326.953 -69.5 1673511690967774 1673510042760974
90 E200-0019-340C-0061-0820-215A 1 920.625 136.758 -68 1673511690971325 1673510042761041
91 E200-001A-0411-2000-1080-0001 1 920.625 134.297 -64 1673511690974714 1673510042761090
92 E200-001A-0411-0236-1030-D516 1 920.625 274.922 -70 1673511690979007 1673510042761135
93 E200-001A-0411-2171-1040-96CD 1 920.625 148.711 -69 1673511690984862 1673510042761179
94 E200-001A-0411-2000-1080-0037 1 920.625 48.1641 -68 1673511690991671 1673510042761223
95 E200-001A-0411-0251-1040-E41D 1 920.625 58.0078 -67 1673511690995262 1673510042761269
96 E200-001A-0411-2000-1080-0019 1 920.625 304.453 -68.5 1673511690998678 1673510042761313
97 E200-001A-0411-0239-1040-D703 1 920.625 118.828 -67.5 1673511691002003 1673510042761357
98 E200-001A-0411-2000-1080-0043 1 920.625 23.5547 -70.5 1673511691006969 1673510042761402
99 E200-001A-0411-2000-1080-0037 1 920.625 48.1641 -68 1673511691019910 1673510042829530
100 E200-001A-0411-2000-1080-0043 1 920.625 19.3359 -70 1673511691023401 1673510042829622
101 E200-001A-0411-2000-1080-0017 1 920.625 265.43 -65 1673511691028141 1673510042829699
102 E200-001A-0411-0236-1030-D516 1 920.625 281.602 -69.5 1673511691031541 1673510042829772
103 E200-0019-340C-0061-0820-215A 1 920.625 129.375 -66.5 1673511691037941 1673510042829836
104 E200-001A-0411-2000-1080-0001 1 920.625 133.242 -64 1673511691042890 1673510042829895
105 E200-001A-0411-0251-1040-E41D 1 920.625 66.4453 -67 1673511691047113 1673510042829940
106 E200-001A-0411-2000-1080-0019 1 920.625 308.32 -68.5 1673511691059228 1673510042829977
107 E200-001A-0411-2171-1040-96CD 1 920.625 141.68 -68.5 1673511691062708 1673510042830014
108 E200-001A-0411-0159-1040-8543 1 920.625 330.117 -69.5 1673511691066117 1673510042830050
109 E200-001A-0411-0239-1040-D703 1 920.625 118.125 -67 1673511691069444 1673510042830089
110 E200-001A-0411-2000-1080-0017 1 920.625 264.023 -65 1673511691381114 1673510043195540
111 E200-001A-0411-2000-1080-0001 1 920.625 130.781 -64.5 1673511691386174 1673510043195643
112 E200-001A-0411-2000-1080-0037 1 920.625 37.2656 -68.5 1673511691389686 1673510043195746
113 E200-001A-0411-2000-1080-0043 1 920.625 25.3125 -70 1673511691397139 1673510043195841
114 E200-001A-0411-0239-1040-D703 1 920.625 133.945 -68 1673511691404078 1673510043195933
115 E200-001A-0411-2171-1040-96CD 1 920.625 309.727 -69.5 1673511691410046 1673510043196031
116 E200-001A-0411-2000-1080-0041 1 920.625 14.0625 -70 1673511691413519 1673510043196130
117 E200-001A-0411-2000-1080-0019 1 920.625 294.609 -68.5 1673511691417688 1673510043196218
118 E200-001A-0411-0159-1040-8543 1 920.625 327.656 -70 1673511691423793 1673510043196298
119 E200-001A-0411-0251-1040-E41D 1 920.625 53.7891 -67 1673511691427262 1673510043196384
120 E200-001A-0411-0236-1030-D516 1 920.625 273.867 -69.5 1673511691434409 1673510043196478
121 E200-0019-340C-0061-0820-215A 1 920.625 104.414 -68.5 1673511691437962 1673510043196577
122 E200-001A-0411-2000-1080-0001 1 920.625 130.781 -64.5 1673511691450118 1673510043261735
123 E200-001A-0411-0159-1040-8543 1 920.625 326.602 -70 1673511691457130 1673510043261823
124 E200-001A-0411-2000-1080-0019 1 920.625 303.047 -68 1673511691460529 1673510043261884
125 E200-001A-0411-0251-1040-E41D 1 920.625 51.3281 -67.5 1673511691463958 1673510043261940
126 E200-001A-0411-2000-1080-0037 1 920.625 43.2422 -70 1673511691467330 1673510043262000
127 E200-001A-0411-2000-1080-0017 1 920.625 261.914 -65 1673511691470754 1673510043262053
128 E200-0019-340C-0061-0820-215A 1 920.625 114.961 -68.5 1673511691484750 1673510043262105
129 E200-001A-0411-2000-1080-0043 1 920.625 26.7188 -69.5 1673511691488163 1673510043262160
130 E200-001A-0411-2171-1040-96CD 1 920.625 144.141 -69.5 1673511691493074 1673510043262252
131 E200-001A-0411-0236-1030-D516 1 920.625 278.086 -69 1673511691500245 1673510043262303
132 E200-001A-0411-0239-1040-D703 1 920.625 302.695 -67 1673511691503574 1673510043262353
133 E200-001A-0411-2000-1080-0041 1 920.625 9.84375 -70 1673511691507282 1673510043262406
134 E200-001A-0411-2000-1080-0037 1 920.625 56.25 -70 1673511691791702 1673510043595152
135 E200-001A-0411-0236-1030-D516 1 920.625 274.57 -69 1673511691799955 1673510043595203
136 E200-001A-0411-0251-1040-E41D 1 920.625 59.0625 -67.5 1673511691803973 1673510043595235
137 E200-001A-0411-2000-1080-0019 1 920.625 289.336 -68.5 1673511691808056 1673510043595264
138 E200-001A-0411-2000-1080-0043 1 920.625 14.7656 -69.5 1673511691811629 1673510043595302
139 E200-001A-0411-2000-1080-0017 1 920.625 253.125 -65.5 1673511691815672 1673510043595340
140 E200-001A-0411-2000-1080-0001 1 920.625 132.891 -64.5 1673511691819338 1673510043595378
141 E200-001A-0411-0159-1040-8543 1 920.625 335.742 -69.5 1673511691823438 1673510043595422
142 E200-001A-0411-2000-1080-0041 1 920.625 18.9844 -70 1673511691830686 1673510043595462
143 E200-001A-0411-0239-1040-D703 1 920.625 125.859 -67.5 1673511691835151 1673510043595499
144 E200-0019-340C-0061-0820-215A 1 920.625 114.609 -68.5 1673511691838668 1673510043595553
145 E200-001A-0411-2000-1080-0017 1 920.625 256.641 -65.5 1673511691849974 1673510043650190
146 E200-001A-0411-0236-1030-D516 1 920.625 269.648 -69 1673511691855169 1673510043650280
147 E200-001A-0411-2000-1080-0043 1 920.625 25.6641 -69 1673511691858821 1673510043650339
148 E200-001A-0411-2000-1080-0001 1 920.625 130.43 -65 1673511691863474 1673510043650392
149 E200-001A-0411-0251-1040-E41D 1 920.625 57.6562 -67.5 1673511691868416 1673510043650443
150 E200-001A-0411-2000-1080-0041 1 920.625 12.6562 -70.5 1673511691872989 1673510043650494
151 E200-001A-0411-0239-1040-D703 1 920.625 114.961 -67.5 1673511691876272 1673510043650544
152 E200-001A-0411-2000-1080-0037 1 920.625 61.875 -69.5 1673511691879642 1673510043650594
153 E200-001A-0411-0159-1040-8543 1 920.625 341.367 -68 1673511691887785 1673510043650644
154 E200-001A-0411-2000-1080-0019 1 920.625 290.391 -68.5 1673511691891146 1673510043650692
155 E200-0019-340C-0061-0820-215A 1 920.625 113.555 -69 1673511691894674 1673510043650743
156 E200-001A-0411-2000-1080-0037 1 920.625 60.8203 -69 1673511692148762 1673510043954853
157 E200-001A-0411-2000-1080-0001 1 920.625 127.617 -65 1673511692152920 1673510043954963
158 E200-001A-0411-0159-1040-8543 1 920.625 335.039 -69 1673511692156546 1673510043955052
159 E200-001A-0411-2000-1080-0017 1 920.625 260.508 -66 1673511692160012 1673510043955147
160 E200-001A-0411-2000-1080-0041 1 920.625 11.6016 -70.5 1673511692167790 1673510043955210
161 E200-001A-0411-2000-1080-0019 1 920.625 281.25 -68.5 1673511692172947 1673510043955280
162 E200-001A-0411-2171-1040-96CD 1 920.625 144.492 -70 1673511692178669 1673510043955360
163 E200-001A-0411-0239-1040-D703 1 920.625 126.211 -67.5 1673511692182034 1673510043955423
164 E200-001A-0411-0251-1040-E41D 1 920.625 53.7891 -68 1673511692185405 1673510043955498
165 E200-001A-0411-2000-1080-0043 1 920.625 20.0391 -69 1673511692189508 1673510043955574
166 E200-0019-340C-0061-0820-215A 1 920.625 116.016 -68.5 1673511692197762 1673510043955639
167 E200-001A-0411-0236-1030-D516 1 920.625 274.922 -69 1673511692201044 1673510043955683
168 E200-001A-0411-2000-1080-0001 1 920.625 127.617 -65 1673511692207617 1673510044005791
169 E200-001A-0411-0251-1040-E41D 1 920.625 52.7344 -68 1673511692212089 1673510044005850
170 E200-001A-0411-0236-1030-D516 1 920.625 275.273 -69 1673511692215432 1673510044005896
171 E200-001A-0411-0239-1040-D703 1 920.625 125.508 -67.5 1673511692219505 1673510044005941
172 E200-001A-0411-2000-1080-0017 1 920.625 266.836 -66 1673511692223095 1673510044005988
173 E200-001A-0411-2000-1080-0019 1 920.625 292.5 -69.5 1673511692227075 1673510044006032
174 E200-0019-340C-0061-0820-215A 1 920.625 118.477 -67.5 1673511692232092 1673510044006074
175 E200-001A-0411-2000-1080-0043 1 920.625 18.9844 -70 1673511692235548 1673510044006113
176 E200-001A-0411-2000-1080-0037 1 920.625 60.1172 -69.5 1673511692238857 1673510044006143
177 E200-001A-0411-0159-1040-8543 1 920.625 331.875 -69 1673511692242464 1673510044006184
178 E200-001A-0411-2000-1080-0041 1 920.625 5.625 -70.5 1673511692245999 1673510044006217
179 E200-001A-0411-2171-1040-96CD 1 920.625 325.898 -70.5 1673511692250166 1673510044006252
180 E200-001A-0411-2000-1080-0001 1 920.625 135.703 -65 1673511692499287 1673510044304653
181 E200-001A-0411-0251-1040-E41D 1 920.625 56.25 -67.5 1673511692505328 1673510044304738
182 E200-001A-0411-0235-1030-D70D 1 920.625 79.8047 -72 1673511692510423 1673510044304812
183 E200-001A-0411-0236-1030-D516 1 920.625 277.383 -69.5 1673511692513847 1673510044304867
184 E200-001A-0411-2000-1080-0043 1 920.625 21.0938 -69 1673511692525523 1673510044304977
185 E200-001A-0411-2000-1080-0017 1 920.625 266.484 -66 1673511692529714 1673510044305065
186 E200-001A-0411-2171-1040-96CD 1 920.625 136.406 -70 1673511692533355 1673510044305116
187 E200-001A-0411-0239-1040-D703 1 920.625 123.75 -67.5 1673511692538928 1673510044305175
188 E200-0019-340C-0061-0820-215A 1 920.625 119.883 -69 1673511692543850 1673510044305236
189 E200-001A-0411-2000-1080-0037 1 920.625 60.1172 -69.5 1673511692547398 1673510044305296
190 E200-001A-0411-0159-1040-8543 1 920.625 324.141 -69.5 1673511692550868 1673510044305347
191 E200-001A-0411-2000-1080-0017 1 920.625 265.078 -66 1673511692559483 1673510044358549
192 E200-001A-0411-2171-1040-96CD 1 920.625 124.805 -68.5 1673511692565679 1673510044358598
193 E200-001A-0411-2000-1080-0001 1 920.625 139.922 -64.5 1673511692569942 1673510044358634
194 E200-001A-0411-0251-1040-E41D 1 920.625 57.3047 -68 1673511692574280 1673510044358667
195 E200-001A-0411-2000-1080-0043 1 920.625 17.9297 -69.5 1673511692577712 1673510044358699
196 E200-001A-0411-0159-1040-8543 1 920.625 331.875 -69.5 1673511692581877 1673510044358732
197 E200-001A-0411-0239-1040-D703 1 920.625 304.805 -67.5 1673511692589977 1673510044358764
198 E200-001A-0411-0236-1030-D516 1 920.625 273.867 -70 1673511692593338 1673510044358801
199 E200-001A-0411-2000-1080-0037 1 920.625 67.8516 -69.5 1673511692596703 1673510044358827
200 E200-0019-340C-0061-0820-215A 1 920.625 122.344 -69 1673511692600182 1673510044358858
201 E200-001A-0411-0235-1030-D70D 1 920.625 69.2578 -72.5 1673511692603647 1673510044358886
202 E200-001A-0411-2000-1080-0017 1 920.625 265.781 -65 1673511692842106 1673510044641927
203 E200-001A-0411-2000-1080-0019 1 920.625 301.641 -68 1673511692849665 1673510044642021
204 E200-001A-0411-2000-1080-0001 1 920.625 142.734 -64.5 1673511692853174 1673510044642093
205 E200-001A-0411-2171-1040-96CD 1 920.625 134.648 -70 1673511692856696 1673510044642121
206 E200-001A-0411-0236-1030-D516 1 920.625 285.117 -69.5 1673511692862931 1673510044642144
207 E200-001A-0411-0159-1040-8543 1 920.625 328.711 -69.5 1673511692866459 1673510044642167
208 E200-001A-0411-0251-1040-E41D 1 920.625 59.4141 -67 1673511692869831 1673510044642190
209 E200-001A-0411-2000-1080-0037 1 920.625 54.8438 -69 1673511692875839 1673510044642212
210 E200-001A-0411-2000-1080-0043 1 920.625 22.8516 -69 1673511692880094 1673510044642235
211 E200-0019-340C-0061-0820-215A 1 920.625 119.531 -69.5 1673511692883587 1673510044642257
212 E200-001A-0411-0239-1040-D703 1 920.625 127.617 -67 1673511692886936 1673510044642280
213 E200-001A-0411-2000-1080-0001 1 920.625 144.141 -64.5 1673511692898256 1673510044690628
214 E200-001A-0411-0251-1040-E41D 1 920.625 59.0625 -67 1673511692901765 1673510044690704
215 E200-001A-0411-2000-1080-0043 1 920.625 21.7969 -70 1673511692905402 1673510044690755
216 E200-001A-0411-2000-1080-0017 1 920.625 261.211 -64 1673511692909585 1673510044690793
217 E200-001A-0411-0239-1040-D703 1 920.625 123.75 -67.5 1673511692915136 1673510044690828
218 E200-001A-0411-2000-1080-0037 1 920.625 59.7656 -69 1673511692921054 1673510044690861
219 E200-001A-0411-0159-1040-8543 1 920.625 334.336 -69.5 1673511692924682 1673510044690895
220 E200-001A-0411-2000-1080-0019 1 920.625 306.914 -68 1673511692928941 1673510044690929
221 E200-001A-0411-0236-1030-D516 1 920.625 287.227 -69.5 1673511692933142 1673510044690962
222 E200-0019-340C-0061-0820-215A 1 920.625 110.039 -69.5 1673511692936699 1673510044691030