1 E200-001A-0411-0250-1040-E289 1 920.625 18.9844 -61 1673511689560964 1673510041389714
2 E200-001A-0411-2171-1040-96CD 1 920.625 304.805 -63 1673511689568893 1673510041389774
3 E200-001A-0411-2000-1080-0001 1 920.625 326.25 -68.5 1673511689574889 1673510041389851
4 E200-001A-0411-0236-1030-D516 1 920.625 320.625 -66.5 1673511689585264 1673510041389915
5 E200-001A-0411-0266-1040-EDF1 1 920.625 30.5859 -66.5 1673511689604058 1673510041389973
6 E200-001A-0411-0221-1030-C862 1 920.625 290.391 -67.5 1673511689612433 1673510041390032
7 E200-001A-0411-0260-1030-E8A2 1 920.625 49.5703 -67 1673511689616489 1673510041390091
8 E200-001A-0411-0234-1030-D515 1 920.625 334.336 -68 1673511689624466 1673510041390148
9 E200-001A-0411-0250-1040-E289 1 920.625 27.0703 -61.5 1673511689643556 1673510041474412
10 E200-001A-0411-0252-1040-E28A 1 920.625 297.07 -69.5 1673511689652516 1673510041474485
11 E200-001A-0411-0234-1030-D515 1 920.625 4.92188 -68 1673511689656531 1673510041474543
12 E200-001A-0411-0260-1030-E8A2 1 920.625 47.1094 -67 1673511689666986 1673510041474594
13 E200-001A-0411-0266-1040-EDF1 1 920.625 28.8281 -68 1673511689673043 1673510041474643
14 E200-001A-0411-0236-1030-D516 1 920.625 324.844 -66.5 1673511689677161 1673510041474691
15 E200-001A-0411-0221-1030-C862 1 920.625 287.93 -66.5 1673511689700880 1673510041474738
16 E200-001A-0411-2171-1040-96CD 1 920.625 298.477 -63 1673511689710596 1673510041474795
17 E200-001A-0411-2000-1080-0001 1 920.625 320.273 -69 1673511689713954 1673510041474848
18 E200-001A-0411-0200-1040-ADC0 1 920.625 107.578 -67.5 1673511689720085 1673510041474905
19 E200-001A-0411-2171-1040-96CD 1 920.625 302.344 -63 1673511689941880 1673510041777758
20 E200-001A-0411-0260-1030-E8A2 1 920.625 36.5625 -66.5 1673511689946936 1673510041777840
21 E200-001A-0411-0236-1030-D516 1 920.625 323.789 -66.5 1673511689951172 1673510041777904
22 E200-001A-0411-0134-1040-6833 1 920.625 79.1016 -68.5 1673511689967319 1673510041777969
23 E200-001A-0411-0250-1040-E289 1 920.625 24.2578 -62 1673511689970796 1673510041778023
24 E200-001A-0411-0234-1030-D515 1 920.625 0.703125 -67.5 1673511689981049 1673510041778077
25 E200-001A-0411-0173-1040-96CE 1 920.625 316.758 -67.5 1673511689987793 1673510041778128
26 E200-001A-0411-0266-1040-EDF1 1 920.625 211.289 -67 1673511689991273 1673510041778181
27 E200-001A-0411-2000-1080-0001 1 920.625 315 -69 1673511689997395 1673510041778234
28 E200-001A-0411-0251-1030-E411 1 920.625 18.2812 -69 1673511690001422 1673510041778287
29 E200-001A-0411-0200-1040-ADC0 1 920.625 104.766 -69 1673511690011726 1673510041778338
30 E200-001A-0411-0221-1030-C862 1 920.625 278.438 -67.5 1673511690016602 1673510041778403
31 E200-001A-0411-0260-1030-E8A2 1 920.625 45 -66.5 1673511690035349 1673510041854290
32 E200-001A-0411-0266-1040-EDF1 1 920.625 214.102 -66.5 1673511690039699 1673510041854343
33 E200-001A-0411-0173-1040-96CE 1 920.625 324.141 -67.5 1673511690045776 1673510041854371
34 E200-001A-0411-0250-1040-E289 1 920.625 32.3438 -62 1673511690049198 1673510041854397
35 E200-001A-0411-2171-1040-96CD 1 920.625 304.102 -63 1673511690052755 1673510041854420
36 E200-001A-0411-0234-1030-D515 1 920.625 342.773 -68.5 1673511690068728 1673510041854442
37 E200-001A-0411-0236-1030-D516 1 920.625 324.844 -67 1673511690075963 1673510041854464
38 E200-001A-0411-0221-1030-C862 1 920.625 277.734 -67.5 1673511690079433 1673510041854490
39 E200-001A-0411-0134-1040-6833 1 920.625 251.367 -68.5 1673511690090506 1673510041854521
40 E200-001A-0411-0248-1030-DC0C 1 920.625 326.25 -70 1673511690096563 1673510041854569
41 E200-001A-0411-0250-1040-E289 1 920.625 22.5 -62 1673511690333042 1673510042154817
42 E200-001A-0411-0234-1030-D515 1 920.625 342.773 -68 1673511690342415 1673510042154876
43 E200-001A-0411-0260-1030-E8A2 1 920.625 46.4062 -66.5 1673511690345977 1673510042154903
44 E200-001A-0411-2000-1080-0001 1 920.625 313.594 -68.5 1673511690359784 1673510042154926
45 E200-001A-0411-0236-1030-D516 1 920.625 319.219 -66.5 1673511690363976 1673510042154948
46 E200-001A-0411-2171-1040-96CD 1 920.625 297.422 -63 1673511690367514 1673510042154969
47 E200-001A-0411-0266-1040-EDF1 1 920.625 33.75 -66 1673511690370957 1673510042154990
48 E200-001A-0411-0221-1030-C862 1 920.625 269.297 -66 1673511690380219 1673510042155018
49 E200-001A-0411-0134-1040-6833 1 920.625 72.7734 -68.5 1673511690383861 1673510042155036
50 E200-001A-0411-0173-1040-96CE 1 920.625 318.867 -68.5 1673511690392323 1673510042155071
51 E200-001A-0411-2000-1080-0001 1 920.625 317.461 -67.5 1673511690412246 1673510042242561
52 E200-001A-0411-0250-1040-E289 1 920.625 17.9297 -62 1673511690417437 1673510042242610
53 E200-001A-0411-2171-1040-96CD 1 920.625 293.906 -63 1673511690427936 1673510042242646
54 E200-001A-0411-0221-1030-C862 1 920.625 278.789 -68 1673511690434915 1673510042242675
55 E200-001A-0411-0173-1040-96CE 1 920.625 336.094 -69 1673511690446377 1673510042242703
56 E200-001A-0411-0236-1030-D516 1 920.625 325.547 -66 1673511690449739 1673510042242730
57 E200-001A-0411-0234-1030-D515 1 920.625 354.375 -67.5 1673511690455209 1673510042242757
58 E200-001A-0411-0260-1030-E8A2 1 920.625 41.1328 -67 1673511690458513 1673510042242784
59 E200-001A-0411-0266-1040-EDF1 1 920.625 207.422 -67 1673511690464563 1673510042242811
60 E200-001A-0411-0134-1040-6833 1 920.625 246.094 -69 1673511690473192 1673510042242838
61 E200-001A-0411-0200-1040-ADC0 1 920.625 106.172 -68 1673511690482079 1673510042242880
62 E200-001A-0411-2171-1040-96CD 1 920.625 301.289 -63.5 1673511690717914 1673510042550050
63 E200-001A-0411-0250-1040-E289 1 920.625 18.6328 -62 1673511690721410 1673510042550159
64 E200-001A-0411-0173-1040-96CE 1 920.625 323.789 -68.5 1673511690726899 1673510042550261
65 E200-001A-0411-0200-1040-ADC0 1 920.625 114.258 -67.5 1673511690732964 1673510042550368
66 E200-001A-0411-2000-1080-0001 1 920.625 332.93 -68 1673511690741279 1673510042550493
67 E200-001A-0411-0134-1040-6833 1 920.625 248.555 -68 1673511690755100 1673510042550576
68 E200-001A-0411-0221-1030-C862 1 920.625 285.469 -68 1673511690758593 1673510042550659
69 E200-001A-0411-0236-1030-D516 1 920.625 318.516 -66.5 1673511690763995 1673510042550752
70 E200-001A-0411-0266-1040-EDF1 1 920.625 34.4531 -66.5 1673511690769515 1673510042550844
71 E200-001A-0411-0234-1030-D515 1 920.625 351.562 -67 1673511690789034 1673510042550942
72 E200-001A-0411-0260-1030-E8A2 1 920.625 40.0781 -66.5 1673511690792596 1673510042551054
73 E200-001A-0411-0250-1040-E289 1 920.625 17.9297 -62 1673511690804797 1673510042624059
74 E200-001A-0411-0173-1040-96CE 1 920.625 321.68 -68.5 1673511690808188 1673510042624130
75 E200-001A-0411-0266-1040-EDF1 1 920.625 27.4219 -67.5 1673511690822986 1673510042624190
76 E200-001A-0411-0260-1030-E8A2 1 920.625 28.8281 -67 1673511690827063 1673510042624255
77 E200-001A-0411-2171-1040-96CD 1 920.625 120.234 -63 1673511690831961 1673510042624315
78 E200-001A-0411-0236-1030-D516 1 920.625 315.352 -65.5 1673511690836123 1673510042624369
79 E200-001A-0411-0134-1040-6833 1 920.625 249.609 -67.5 1673511690841981 1673510042624445
80 E200-001A-0411-0234-1030-D515 1 920.625 352.617 -67.5 1673511690850283 1673510042624512
81 E200-001A-0411-0251-1030-E411 1 920.625 223.945 -70 1673511690857906 1673510042624580
82 E200-001A-0411-2000-1080-0001 1 920.625 328.711 -68.5 1673511690861338 1673510042624632
83 E200-001A-0411-0221-1030-C862 1 920.625 284.766 -67.5 1673511690868286 1673510042624691
84 E200-001A-0411-0266-1040-EDF1 1 920.625 33.3984 -67 1673511691091411 1673510042937495
85 E200-001A-0411-0250-1040-E289 1 920.625 16.5234 -62 1673511691094847 1673510042937600
86 E200-001A-0411-2171-1040-96CD 1 920.625 301.289 -63.5 1673511691098307 1673510042937686
87 E200-001A-0411-0234-1030-D515 1 920.625 355.43 -68 1673511691116062 1673510042937762
88 E200-001A-0411-0236-1030-D516 1 920.625 328.711 -67 1673511691121310 1673510042937836
89 E200-001A-0411-0134-1040-6833 1 920.625 243.281 -68.5 1673511691124561 1673510042937910
90 E200-001A-0411-0248-1030-DC0C 1 920.625 332.578 -70 1673511691133389 1673510042937990
91 E200-001A-0411-0260-1030-E8A2 1 920.625 44.6484 -66.5 1673511691140054 1673510042938039
92 E200-001A-0411-0252-1040-E28A 1 920.625 301.641 -69.5 1673511691147016 1673510042938087
93 E200-001A-0411-2000-1080-0001 1 920.625 322.031 -67.5 1673511691150447 1673510042938135
94 E200-001A-0411-0173-1040-96CE 1 920.625 314.648 -69.5 1673511691159775 1673510042938183
95 E200-001A-0411-0221-1030-C862 1 920.625 105.469 -69 1673511691183225 1673510042938234
96 E200-001A-0411-0250-1040-E289 1 920.625 13.7109 -62 1673511691190104 1673510043000400
97 E200-001A-0411-2171-1040-96CD 1 920.625 298.125 -63.5 1673511691193646 1673510043000500
98 E200-001A-0411-0260-1030-E8A2 1 920.625 38.6719 -66.5 1673511691203965 1673510043000595
99 E200-001A-0411-0173-1040-96CE 1 920.625 338.906 -66.5 1673511691210219 1673510043000688
100 E200-001A-0411-2000-1080-0001 1 920.625 322.383 -67.5 1673511691213648 1673510043000775
101 E200-001A-0411-0134-1040-6833 1 920.625 57.6562 -69 1673511691219792 1673510043000862
102 E200-001A-0411-0266-1040-EDF1 1 920.625 46.0547 -68 1673511691223280 1673510043000987
103 E200-001A-0411-0236-1030-D516 1 920.625 325.547 -66.5 1673511691230795 1673510043001073
104 E200-001A-0411-0200-1040-ADC0 1 920.625 113.203 -68.5 1673511691239567 1673510043001157
105 E200-001A-0411-0234-1030-D515 1 920.625 161.719 -68.5 1673511691243017 1673510043001281
106 E200-001A-0411-0252-1040-E28A 1 920.625 294.258 -69.5 1673511691267035 1673510043038298
107 E200-001A-0411-0221-1030-C862 1 920.625 285.469 -67.5 1673511691276528 1673510043038369
108 E200-001A-0411-2171-1040-96CD 1 920.625 299.531 -63 1673511691526495 1673510043378645
109 E200-001A-0411-0250-1040-E289 1 920.625 22.5 -61.5 1673511691531426 1673510043378724
110 E200-001A-0411-0260-1030-E8A2 1 920.625 18.9844 -66.5 1673511691539889 1673510043378797
111 E200-001A-0411-0134-1040-6833 1 920.625 238.711 -68 1673511691550387 1673510043378854
112 E200-001A-0411-0173-1040-96CE 1 920.625 339.609 -68.5 1673511691560788 1673510043378921
113 E200-001A-0411-0236-1030-D516 1 920.625 319.922 -64 1673511691564270 1673510043378969
114 E200-001A-0411-0263-1030-E9B3 1 920.625 339.609 -69 1673511691582595 1673510043379017
115 E200-001A-0411-0266-1040-EDF1 1 920.625 226.758 -67 1673511691592560 1673510043379065
116 E200-001A-0411-0200-1040-ADC0 1 920.625 115.312 -67.5 1673511691609242 1673510043379113
117 E200-001A-0411-0234-1030-D515 1 920.625 170.508 -67 1673511691616982 1673510043379165
118 E200-001A-0411-2000-1080-0001 1 920.625 338.906 -68 1673511691624581 1673510043379239
119 E200-001A-0411-2171-1040-96CD 1 920.625 300.938 -63 1673511691653661 1673510043457474
120 E200-001A-0411-0266-1040-EDF1 1 920.625 35.1562 -66.5 1673511691658567 1673510043457602
121 E200-001A-0411-0134-1040-6833 1 920.625 227.461 -67 1673511691661884 1673510043457681
122 E200-001A-0411-0250-1040-E289 1 920.625 19.3359 -60.5 1673511691665305 1673510043457734
123 E200-001A-0411-0260-1030-E8A2 1 920.625 28.8281 -66.5 1673511691670373 1673510043457780
124 E200-001A-0411-2000-1080-0001 1 920.625 353.672 -67.5 1673511691676370 1673510043457808
125 E200-001A-0411-0173-1040-96CE 1 920.625 350.859 -68 1673511691682906 1673510043457874
126 E200-001A-0411-0236-1030-D516 1 920.625 312.891 -65.5 1673511691690509 1673510043457909
127 E200-001A-0411-0234-1030-D515 1 920.625 340.664 -67.5 1673511691694604 1673510043457934
128 E200-001A-0411-0200-1040-ADC0 1 920.625 114.258 -68.5 1673511691702218 1673510043457981
129 E200-001A-0411-0250-1040-E289 1 920.625 20.7422 -61.5 1673511691911361 1673510043718784
130 E200-001A-0411-0234-1030-D515 1 920.625 156.094 -67.5 1673511691914853 1673510043718883
131 E200-001A-0411-0266-1040-EDF1 1 920.625 219.023 -67.5 1673511691923755 1673510043718942
132 E200-001A-0411-0252-1040-E28A 1 920.625 279.492 -69 1673511691929716 1673510043718989
133 E200-001A-0411-2171-1040-96CD 1 920.625 297.422 -63 1673511691933215 1673510043719034
134 E200-001A-0411-0173-1040-96CE 1 920.625 328.008 -68 1673511691936673 1673510043719078
135 E200-001A-0411-2000-1080-0001 1 920.625 331.523 -68 1673511691940753 1673510043719128
136 E200-001A-0411-0134-1040-6833 1 920.625 230.273 -67.5 1673511691950138 1673510043719179
137 E200-001A-0411-0260-1030-E8A2 1 920.625 32.6953 -67 1673511691953585 1673510043719226
138 E200-001A-0411-0236-1030-D516 1 920.625 315 -66 1673511691961242 1673510043719275
139 E200-001A-0411-0200-1040-ADC0 1 920.625 107.227 -68.5 1673511691964811 1673510043719325
140 E200-001A-0411-0250-1040-E289 1 920.625 14.7656 -61.5 1673511691977886 1673510043799188
141 E200-001A-0411-0266-1040-EDF1 1 920.625 48.1641 -67 1673511691981355 1673510043799313
142 E200-001A-0411-0260-1030-E8A2 1 920.625 29.1797 -67 1673511691984756 1673510043799420
143 E200-001A-0411-2171-1040-96CD 1 920.625 123.047 -63.5 1673511691988235 1673510043799516
144 E200-001A-0411-0173-1040-96CE 1 920.625 330.117 -67.5 1673511692001954 1673510043799619
145 E200-001A-0411-0200-1040-ADC0 1 920.625 121.641 -68.5 1673511692010967 1673510043799737
146 E200-001A-0411-0134-1040-6833 1 920.625 48.5156 -67.5 1673511692019887 1673510043799820
147 E200-001A-0411-0236-1030-D516 1 920.625 308.32 -67 1673511692026882 1673510043799898
148 E200-001A-0411-0234-1030-D515 1 920.625 161.719 -67.5 1673511692041681 1673510043800001
149 E200-001A-0411-2000-1080-0001 1 920.625 335.039 -68.5 1673511692045072 1673510043800138
150 E200-001A-0411-2171-1040-96CD 1 920.625 302.344 -62.5 1673511692270479 1673510044087282
151 E200-001A-0411-0200-1040-ADC0 1 920.625 113.203 -67.5 1673511692276553 1673510044087333
152 E200-001A-0411-0250-1040-E289 1 920.625 14.0625 -61.5 1673511692291591 1673510044087358
153 E200-001A-0411-0260-1030-E8A2 1 920.625 23.5547 -67 1673511692295034 1673510044087390
154 E200-001A-0411-0236-1030-D516 1 920.625 323.789 -66 1673511692298442 1673510044087421
155 E200-001A-0411-0234-1030-D515 1 920.625 341.719 -68 1673511692306168 1673510044087452
156 E200-001A-0411-2000-1080-0001 1 920.625 342.773 -67.5 1673511692309555 1673510044087476
157 E200-001A-0411-0266-1040-EDF1 1 920.625 221.484 -67 1673511692326664 1673510044087503
158 E200-001A-0411-0134-1040-6833 1 920.625 31.6406 -67.5 1673511692330179 1673510044087541
159 E200-001A-0411-0250-1040-E289 1 920.625 10.8984 -61.5 1673511692341248 1673510044145942
160 E200-001A-0411-0234-1030-D515 1 920.625 336.445 -67.5 1673511692344816 1673510044146053
161 E200-001A-0411-0200-1040-ADC0 1 920.625 289.336 -67.5 1673511692361102 1673510044146151
162 E200-001A-0411-2171-1040-96CD 1 920.625 301.992 -63 1673511692365474 1673510044146243
163 E200-001A-0411-0266-1040-EDF1 1 920.625 214.102 -67.5 1673511692369082 1673510044146314
164 E200-001A-0411-0260-1030-E8A2 1 920.625 30.9375 -66.5 1673511692376011 1673510044146382
165 E200-001A-0411-0134-1040-6833 1 920.625 219.727 -67.5 1673511692380203 1673510044146461
166 E200-001A-0411-0236-1030-D516 1 920.625 313.242 -66.5 1673511692387053 1673510044146534
167 E200-001A-0411-2000-1080-0001 1 920.625 336.094 -68.5 1673511692392188 1673510044146594
168 E200-001A-0411-0250-1040-E289 1 920.625 16.875 -62 1673511692618687 1673510044416199
169 E200-001A-0411-0200-1040-ADC0 1 920.625 118.477 -67.5 1673511692623133 1673510044416272
170 E200-001A-0411-0234-1030-D515 1 920.625 336.445 -69 1673511692630676 1673510044416322
171 E200-001A-0411-0173-1040-96CE 1 920.625 324.492 -69.5 1673511692634068 1673510044416381
172 E200-001A-0411-2000-1080-0001 1 920.625 329.414 -68 1673511692637438 1673510044416427
173 E200-001A-0411-2171-1040-96CD 1 920.625 304.805 -63 1673511692643290 1673510044416477
174 E200-001A-0411-0236-1030-D516 1 920.625 316.406 -66 1673511692649310 1673510044416523
175 E200-001A-0411-0266-1040-EDF1 1 920.625 38.3203 -67.5 1673511692652822 1673510044416570
176 E200-001A-0411-0260-1030-E8A2 1 920.625 18.2812 -67 1673511692658612 1673510044416618
177 E200-001A-0411-0134-1040-6833 1 920.625 234.844 -69 1673511692662147 1673510044416688
178 E200-001A-0411-0173-1040-96CE 1 920.625 332.93 -67.5 1673511692671302 1673510044478275
179 E200-001A-0411-2171-1040-96CD 1 920.625 303.398 -63 1673511692677461 1673510044478332
180 E200-001A-0411-0200-1040-ADC0 1 920.625 116.719 -67 1673511692681027 1673510044478379
181 E200-001A-0411-0250-1040-E289 1 920.625 17.5781 -62 1673511692686239 1673510044478409
182 E200-001A-0411-0236-1030-D516 1 920.625 312.891 -67 1673511692691647 1673510044478435
183 E200-001A-0411-0234-1030-D515 1 920.625 348.398 -69 1673511692695154 1673510044478461
184 E200-001A-0411-2000-1080-0001 1 920.625 336.797 -67.5 1673511692703388 1673510044478488
185 E200-001A-0411-0266-1040-EDF1 1 920.625 47.1094 -68 1673511692711353 1673510044478526
186 E200-001A-0411-0260-1030-E8A2 1 920.625 18.9844 -68 1673511692718821 1673510044478563
187 E200-001A-0411-0134-1040-6833 1 920.625 235.195 -69 1673511692722806 1673510044478601
188 E200-001A-0411-0250-1040-E289 1 920.625 19.3359 -61.5 1673511692951623 1673510044772198
189 E200-001A-0411-2000-1080-0001 1 920.625 341.367 -67 1673511692957989 1673510044772259
190 E200-001A-0411-0134-1040-6833 1 920.625 222.539 -68 1673511692963728 1673510044772301
191 E200-001A-0411-0236-1030-D516 1 920.625 306.914 -66 1673511692967731 1673510044772342
192 E200-001A-0411-0266-1040-EDF1 1 920.625 41.8359 -68.5 1673511692974299 1673510044772391
193 E200-001A-0411-0173-1040-96CE 1 920.625 341.367 -68.5 1673511692983036 1673510044772438
194 E200-001A-0411-0260-1030-E8A2 1 920.625 39.0234 -67.5 1673511692994794 1673510044772496
195 E200-001A-0411-0200-1040-ADC0 1 920.625 111.797 -68.5 1673511693001552 1673510044772535
196 E200-001A-0411-0234-1030-D515 1 920.625 335.391 -66.5 1673511693006148 1673510044772593